38
42
47
68
90
145
145
165
203
254
388
439
556
575
605
618
646
673
712
716
739
782
807
810
840
942
961
978
1013
1044
1057
1113
1146
1224
1370
1528
1531
1556
1673
1705
1731
1786
1804
1808
1834
2035
2110
2120
2140
2197
2219
2331
2379
2433
2515
2537
2543
2609
2632
2646
2686
2690
2693
2703
2705
2707
2809
2862
2881
2891
2953
3017
3279
3316
3388
3406
3420
3494
3577
3952
3988
4121
4148
4232
4306
4309
4309
4363
4366
4397
4434
4502
4544
4568
4569
4611
4614
4672
4681
4729
4770
4833
4932
5038
5049
5131
5140
5179
5344
5356
5441
5443
5453
5460
5521
5533
5536
5837
5889
5901
5918
6094
6130
6131
6135
6191
6300
6361
6479
6590
6635
6678
6718
6833
6838
6906
6956
6996
7001
7005
7030
7059
7173
7194
7204
7230
7330
7365
7426
7456
7516
7535
7569
7626
7701
7707
7711
7743
7804
7823
8035
8126
8138
8210
8232
8296
8306
8386
8396
8445
8460
8503
8531
8532
8579
8590
8646
8770
8786
8787
8860
8914
8965
9033
9102
9289
9387
9407
9484
9530
9539
9569
9690
9765
9797
9818
9836
9836
9968
